1.0
2.0
4.0
5.0
31.0
33.5
35.5
36.0
41.5
93.0
106.5
109.0
113.2
129.3
140.3
157.3
169.0
173.0
174.5
185.8
192.8
201.4
226.0
228.5
236.5
283.2
294.6
306.3
314.1
315.5
317.3
318.5
345.1
371.3
380.2
381.6
408.4
440.1
445.0
449.6
461.0
465.5
473.5
485.5
499.8
499.9
503.8
505.3
550.9
556.0
561.0
571.0
580.3
581.3
582.9
586.3
589.5
602.5
621.5
624.6
714.3
728.4
732.1
735.0
736.6
738.2
739.3
748.3
748.9
753.6
755.0
757.8
759.0
760.8
775.3
776.6
801.5
831.5
832.6
850.2
862.5
863.2
864.5
881.0
893.6
894.5
902.8
909.5
936.5
945.5
956.3
973.1
979.0
992.2
993.6
999.5
1002.3
1028.2
1030.0
1059.8
1062.8
1087.1
1088.5
1090.2
1091.2
1095.5
1114.2
1135.4
1145.1
1147.3
1148.6
1153.3
1170.0
1172.5
1197.6
1198.2
1204.3
1224.5
1226.1
1232.0
1233.8
1236.7
1238.5
1244.0
1246.1
1280.5
1305.0
1306.6
1312.2
1324.6
1326.8
1328.3
1336.8
1340.6
1359.3
1363.7
1365.9
1379.7
1391.6
1404.6
1420.3
1425.4
1434.1
1442.1
1448.5
1449.5
1453.9
1456.2
1462.5
1469.5
1483.0
1488.0
1498.3
1505.0
1517.4
1518.6
1526.6
1531.2
1553.3
1658.0
1661.8
1663.0
1667.3
1672.8
1680.4
1684.5
1708.5
1714.3
1732.4
1735.6
1748.9
1750.3
1753.3
1756.1
1761.7
1762.7
1771.0
1772.0
1773.1
1776.4
1781.1
1809.5
1837.2
1838.4
1844.2
1871.4
1875.1
1884.3
1890.2
1895.2
1928.2
1932.4
1940.5
1946.0
1948.0
1950.0
1958.0
1961.9
1964.0
1971.6
1979.2
2009.4
2016.5
